   0.0000000000000000        10.000000000000000        0.0000000000000000     
   5.0000000000000001E-003   10.000000000000000       -4.9050000000000002     
   1.0000000000000000E-002   9.9754749999999994       -9.8100000000000005     
   1.4999999999999999E-002   9.9264250000000001       -14.702970487500000     
   2.0000000000000000E-002   9.8529101475625005       -19.571881949999998     
   2.5000000000000001E-002   9.7550507378124998       -24.404734377379405     
   3.0000000000000002E-002   9.6330270659256030       -29.189586764276434     
   3.5000000000000003E-002   9.4870791321042205       -33.914586540112943     
   4.0000000000000001E-002   9.3175061994036561       -38.567998854410064     
   4.4999999999999998E-002   9.1246662051316054       -43.138235645217556     
   4.9999999999999996E-002   8.9089750269055177       -47.613884418834608     
   5.4999999999999993E-002   8.6709056048113453       -51.983736669531766     
   5.9999999999999991E-002   8.4109869214636870       -56.236815868691728     
   6.4999999999999988E-002   8.1298028421202275       -60.362404953669667     
   6.9999999999999993E-002   7.8279908173518793       -64.350073247729640     
   7.4999999999999997E-002   7.5062404511132312       -68.189702743640737     
   8.0000000000000002E-002   7.1652919373950272       -71.871513684911775     
   8.5000000000000006E-002   6.8059343689704681       -75.386089380204041     
   9.0000000000000011E-002   6.4290039220694482       -78.724400188184049     
   9.5000000000000015E-002   6.0353819211285282       -81.877826611959108     
  0.10000000000000002        5.6259927880687330       -84.838181444272649     
  0.10500000000000002        5.2018018808473698       -87.597730906820360     
  0.11000000000000003        4.7638132263132684       -90.149214729375998     
  0.11500000000000003        4.3130671526663882       -92.485865116882650     
  0.12000000000000004        3.8506378270819748       -94.601424555265510     
  0.12500000000000003        3.3776307043056470       -96.490162409449212     
  0.13000000000000003        2.8951798922584011       -98.146890269911125     
  0.13500000000000004        2.4044454409088454       -99.566976007063872     
  0.14000000000000004        1.9066105608735260       -100.74635649582966     
  0.14500000000000005        1.4028787783943777       -101.68154897593813     
  0.15000000000000005       0.89447103351468704       -102.36966101674057     
  0.15500000000000005       0.38262272843098422       -102.80839905867951     
  0.16000000000000006      -0.13141926686241334       -102.99607550697490     
  0.16500000000000006      -0.64639964439728792       -102.93161435657889     
  0.17000000000000007       -1.1610577161801823       -102.61455533100202     
  0.17500000000000007       -1.6741304928351926       -102.04505652121564     
  0.18000000000000008       -2.1843557754412708       -101.22389551447998     
  0.18500000000000008       -2.6904752530136706       -100.15246900662603     
  0.19000000000000009       -3.1912375980468006       -98.832790895022825     
  0.19500000000000009       -3.6854015525219146       -97.267488853180865     
  0.20000000000000009       -4.1717389967878189       -95.459799391668867     
  0.20500000000000010       -4.6490379937461634       -93.413561413744446     
  0.21000000000000010       -5.1161058008148856       -91.133208277811960     
  0.21500000000000011       -5.5717718422039457       -88.623758382512264     
  0.22000000000000011       -6.0148906341165072       -85.890804293911231     
  0.22500000000000012       -6.4443446555860628       -82.940500437877077     
  0.23000000000000012       -6.8590471577754482       -79.779549384312119     
  0.23500000000000013       -7.2579449046970090       -76.415186753423257     
  0.24000000000000013       -7.6400208384641255       -72.855164777669373     
  0.24500000000000013       -8.0042966623524716       -69.107734556402718     
  0.25000000000000011       -8.3498353351344861       -65.181627043518830     
  0.25500000000000012       -8.6757434703520797       -61.086032811635363     
  0.26000000000000012       -8.9811736344102560       -56.830580639427666     
  0.26500000000000012       -9.2653265376073950       -52.425314971749437     
  0.27000000000000013       -9.5274531124661426       -47.880672305053011     
  0.27500000000000013       -9.7668564739914068       -43.207456553388369     
  0.28000000000000014       -9.9828937567583491       -38.416813452895582     
  0.28500000000000014       -10.174977824022827       -33.520204065205611     
  0.29000000000000015       -10.342578844348855       -28.529377442522417     
  0.29500000000000015       -10.485225731561467       -23.456342519369304     
  0.30000000000000016       -10.602507444158313       -18.313339298038404     
  0.30500000000000016       -10.694074140648505       -13.112809396678751     
  0.31000000000000016       -10.759638187631898       -7.8673660306906594     
  0.31500000000000017       -10.798975017785352       -2.5897634996572139     
  0.32000000000000017       -10.811923835283638        2.7071337465665009     
  0.32500000000000018       -10.798388166550806        8.0103823877731237     
  0.33000000000000018       -10.758336254611940        13.306991783466295     
  0.33500000000000019       -10.691801295694608        18.583955716353451     
  0.34000000000000019       -10.598881517112840        23.828284251891656     
  0.34500000000000020       -10.479740095853382        29.027035636035503     
  0.35000000000000020       -10.334604917673204        34.167348153051584     
  0.35500000000000020       -10.163768176907945        39.236471865170287     
  0.36000000000000021       -9.9675858175820942        44.221800155943633     
  0.36500000000000021       -9.7464768168023763        49.110900999467653     
  0.37000000000000022       -9.5009223118050379        53.891547878109222     
  0.37500000000000022       -9.2314645724144917        58.551750272049595     
  0.38000000000000023       -8.9387058210542438        63.079783644818903     
  0.38500000000000023       -8.6233069028301497        67.464218850046009     
  0.39000000000000024       -8.2859858085799196        71.693950885884192     
  0.39500000000000024       -7.9275160541504990        75.758226924992641     
  0.40000000000000024       -7.5487249195255357        79.646673549553455     
  0.40500000000000025       -7.1504915517777681        83.349323122580728     
  0.41000000000000025       -6.7337449361648645        86.856639228727730     
  0.41500000000000026       -6.2994617400212256        90.159541119916597     
  0.42000000000000026       -5.8486640344216427        93.249427103397011     
  0.42500000000000027       -5.3824168989046575        96.118196812280829     
  0.43000000000000027       -4.9018259148432533        98.758272301193557     
  0.43500000000000028       -4.4080345533372851        101.16261791242417     
  0.44000000000000028       -3.9022214637751640        103.32475886083611     
  0.44500000000000028       -3.3855976694709833        105.23879848881784     
  0.45000000000000029       -2.8594036770268940        106.89943414569335     
  0.45500000000000029       -2.3249065062984271        108.30197164927505     
  0.46000000000000030       -1.7833966480520518        109.44233829061443     
  0.46500000000000030       -1.2361849565989798        110.31709434648396     
  0.47000000000000031      -0.68459948486655997        110.92344306769576     
  0.47500000000000031      -0.12998226952808112        111.25923911502281     
  0.48000000000000032       0.42631392604703289        111.32299541822633     
  0.48500000000000032       0.98292890313816450        111.11388843750025     
  0.49000000000000032        1.5384983453256658        110.63176181051098     
  0.49500000000000033        2.0916571543782205        109.87712837212874     
  0.50000000000000033        2.6410427962388643        108.85117053790621     
  0.50500000000000034        3.1852986489283954        107.55573904635105     
  0.51000000000000034        3.7230773441601506        105.99335005905168     
  0.51500000000000035        4.2530440944554089        104.16718062174112     
  0.52000000000000035        4.7738799975641149        102.08106249341074     
  0.52500000000000036        5.2842853100311684        99.739474354605548     
  0.53000000000000036        5.7829826818041958        97.147532410035254     
  0.53500000000000036        6.2687203438543717        94.310979404610293     
  0.54000000000000037        6.7402752408774234        91.236172075949725     
  0.54500000000000037        7.1964561012571719        87.930067070299344     
  0.55000000000000038        7.6361064366086691        84.400205352632696     
  0.55500000000000038        8.0581074633718330        80.654695145476140     
  0.56000000000000039        8.4613809390992145        76.702193434692262     
  0.56500000000000039        8.8448919062726752        72.551886084064094     
  0.57000000000000040        9.2076513366929955        68.213466604037350     
  0.57500000000000040        9.5487186697131818        63.697113623389434     
  0.58000000000000040        9.8672042378301299        59.013467115895118     
  0.58500000000000041        10.162271573409605        54.173603437239436     
  0.59000000000000041        10.433139590595802        49.189009230482029     
  0.59500000000000042        10.679084636748213        44.071554261294786     
  0.60000000000000042        10.899442408054687        38.833463246969785     
  0.60500000000000043        11.093609724289536        33.487286745818963     
  0.61000000000000043        11.261046158018631        28.045871176054945     
  0.61500000000000044        11.401275513898906        22.522328035546806     
  0.62000000000000044        11.513887154076640        16.930002395979393     
  0.62500000000000044        11.598537166056538        11.282440746904800     
  0.63000000000000045        11.654949369791062        5.5933582669540689     
  0.63500000000000045        11.682916161125833      -0.12339439892844695     
  0.64000000000000046        11.682299189131191       -5.8538647759606670     
  0.64500000000000046        11.653029865251387       -11.584032528229516     
  0.65000000000000047        11.595109702610239       -17.299843677135321     
  0.65500000000000047        11.508610484224562       -22.987244986265644     
  0.66000000000000048        11.393674259293233       -28.632218428777790     
  0.66500000000000048        11.250513167149345       -34.220815652961122     
  0.67000000000000048        11.079409088884539       -39.739192361447877     
  0.67500000000000049        10.880713127077300       -45.173642519545744     
  0.68000000000000049        10.654844914479572       -50.510632308377161     
  0.68500000000000050        10.402291752937685       -55.736833738929391     
  0.69000000000000050        10.123607584243038       -60.839157843745326     
  0.69500000000000051        9.8194117950243118       -65.804787363816530     
  0.70000000000000051        9.4903878582052297       -70.621208849275959     
  0.70500000000000052        9.1372818139588503       -75.276244093725623     
  0.71000000000000052        8.7609005934902218       -79.758080823472440     
  0.71500000000000052        8.3621101893728600       -84.055302564579392     
  0.72000000000000053        7.9418336765499626       -88.156917612466785     
  0.72500000000000053        7.5010490884876289       -92.052387030814543     
  0.73000000000000054        7.0407871533335564       -95.731651608717726     
  0.73500000000000054        6.5621288952899679       -99.185157707427834     
  0.74000000000000055        6.0662031067528286       -102.40388193056756     
  0.74500000000000055        5.5541836970999903       -105.37935455442982     
  0.75000000000000056        5.0272869243278411       -108.10368165785736     
  0.75500000000000056        4.4867685160385538       -110.56956589424017     
  0.76000000000000056        3.9339206865673528       -112.77032585135709     
  0.76500000000000057        3.3700690573105674       -114.69991394811838     
  0.77000000000000057        2.7965694875699754       -116.35293282072921     
  0.77500000000000058        2.2148048234663293       -117.72465015438227     
  0.78000000000000058        1.6261815726944180       -118.81101192029251     
  0.78500000000000059        1.0321265130929556       -119.60865398169912     
  0.79000000000000059       0.43408324318445990       -120.11491203637121     
  0.79500000000000060      -0.16649131699739617       -120.32782986715318     
  0.80000000000000060      -0.76813046633316207       -120.24616587616596     
  0.80500000000000060       -1.3693612957139920       -119.86939788242954     
  0.81000000000000061       -1.9687082851261397       -119.19772616688182     
  0.81500000000000061       -2.5646969159605488       -118.23207475302745     
  0.82000000000000062       -3.1558572897256862       -116.97409091574880     
  0.82500000000000062       -3.7407277443044302       -115.42614291513836     
  0.83000000000000063       -4.3178584588801217       -113.59131595655704     
  0.83500000000000063       -4.8858150386629067       -111.47340638247634     
  0.84000000000000064       -5.4431820705752880       -109.07691410601218     
  0.84500000000000064       -5.9885666411053489       -106.40703330039500     
  0.85000000000000064       -6.5206018076073242       -103.46964136293283     
  0.85500000000000065       -7.0379500144219884       -100.27128617630144     
  0.86000000000000065       -7.5393064453034953       -96.819171694227464     
  0.86500000000000066       -8.0234023037746329       -93.121141882806100     
  0.87000000000000066       -8.4890080131886627       -89.185663052804642     
  0.87500000000000067       -8.9349363284526859       -85.021804622335608     
  0.88000000000000067       -9.3600453515643647       -80.639218353229566     
  0.88500000000000068       -9.7632414433305126       -76.048116108287246     
  0.89000000000000068       -10.143482023871949       -71.259246180333633     
  0.89500000000000068       -10.499778254773616       -66.283868247624440     
  0.90000000000000069       -10.831197596011739       -61.133727013657982     
  0.90500000000000069       -11.136866231080029       -55.821024592814226     
  0.91000000000000070       -11.415971354044100       -50.358391706469469     
  0.91500000000000070       -11.667763312576447       -44.758857757310835     
  0.92000000000000071       -11.891557601363001       -39.035819852492089     
  0.92500000000000071       -12.086736700625462       -33.203010849023542     
  0.93000000000000071       -12.252751754870580       -27.274466497366753     
  0.93500000000000072       -12.389124087357414       -21.264491761602734     
  0.94000000000000072       -12.495446546165429       -15.187626396753924     
  0.94500000000000073       -12.571384678149199       -9.0586098658597809     
  0.95000000000000073       -12.616677727478498       -2.8923456812275985     
  0.95500000000000074       -12.631139455884636        3.2961347441006046     
  0.96000000000000074       -12.614658782164133        9.4917086472120182     
  0.96500000000000075       -12.567200238928073        15.679198779863526     
  0.97000000000000075       -12.488804245028756        21.843410497057747     
  0.97500000000000075       -12.379587192543468        27.969168979244351     
  0.98000000000000076       -12.239741347647247        34.041356497186925     
  0.98500000000000076       -12.069534565161312        40.044949628207902     
  0.99000000000000077       -11.869309817020273        45.965056332419529     
  0.99500000000000077       -11.639484535358175        51.786952797667972     
   1.0000000000000007       -11.380549771369836        57.496119962261155     
   1.0050000000000006       -11.093069171558531        63.078279625118057     
   1.0100000000000005       -10.777677773432940        68.519430053767522     
   1.0150000000000003       -10.435080623164103        73.805881001636379     
   1.0200000000000002       -10.066051218155922        78.924288047298376     
   1.0250000000000001       -9.6714297779194300        83.861686169803860     
   1.0300000000000000       -9.2521213470704105        88.605522475873343     
   1.0349999999999999       -8.8090937346910430        93.143687996611376     
   1.0399999999999998       -8.3433752947079860        97.464548473477336     
   1.0449999999999997       -7.8560525523405991        101.55697405553160     
   1.0499999999999996       -7.3482676820629411        105.41036783245467     
   1.0549999999999995       -6.8212158429006680        109.01469313050654     
   1.0599999999999994       -6.2761423772481351        112.36049950144933     
   1.0649999999999993       -5.7143398797408889        115.43894733748954     
   1.0699999999999992       -5.1371451430534414        118.24183104850245     
   1.0749999999999991       -4.5459359878109291        120.76160074117016     
   1.0799999999999990       -3.9421279841050785        122.99138234319142     
   1.0849999999999989       -3.3271710723891212        124.92499611939496     
   1.0899999999999987       -2.7025460917921462        126.55697353040182     
   1.0949999999999986       -2.0697612241401373        127.88257238842587     
   1.0999999999999985       -1.4303483621980080        128.89779026886660     
   1.1049999999999984      -0.78585941085367494        129.59937614052473     
   1.1099999999999983      -0.13786253015105132        129.98484018154846     
   1.1149999999999982       0.51206167075669096        130.05246175258756     
   1.1199999999999981        1.1623239795196287        129.80129550308141     
   1.1249999999999980        1.8113304570350359        129.23117559112703     
   1.1299999999999979        2.4574863349906710        128.34271800195134     
   1.1349999999999978        3.0991999250004278        127.13732095463841     
   1.1399999999999977        3.7348865297736200        125.61716339142571     
   1.1449999999999976        4.3629723467307482        123.78520154857175     
   1.1499999999999975        4.9818983544736071        121.64516361250031     
   1.1549999999999974        5.5901241725361084        119.20154246963101     
   1.1599999999999973        6.1861318848842632        116.45958656300205     
   1.1649999999999971        6.7684298176992739        113.42528887346631     
   1.1699999999999970        7.3355562620666053        110.10537404788482     
   1.1749999999999969        7.8860831323060294        106.50728370134115     
   1.1799999999999968        8.4186195508127355        102.63915992494505     
   1.1849999999999967        8.9318153504374607        98.509827035271400     
   1.1899999999999966        9.4243644856138182        94.128771605881823     
   1.1949999999999965        9.8950083436432266        89.506120825688242     
   1.1999999999999964        10.342538947771668        84.652619233131247     
   1.2049999999999963        10.765802043937324        79.579603879249248     
   1.2099999999999962        11.163700063333570        74.298977976697998     
   1.2149999999999961        11.535194953217060        68.823183095632885     
   1.2199999999999960        11.879310868695224        63.165169971079919     
   1.2249999999999959        12.195136718550623        57.338367989984910     
   1.2299999999999958        12.481828558500547        51.356653429535832     
   1.2349999999999957        12.738611825648226        45.234316521591310     
   1.2399999999999956        12.964783408256183        38.986027421110855     
   1.2449999999999954        13.159713545361738        32.626801159361193     
   1.2499999999999953        13.322847551158544        26.171961665361259     
   1.2549999999999952        13.453707359485350        19.637104941517993     
   1.2599999999999951        13.551892884192940        13.038061481690431     
   1.2649999999999950        13.617083191601392        6.3908580219937940     
   1.2699999999999949        13.649037481711360      -0.28832128348668906     
   1.2749999999999948        13.647595875293927       -6.9831741682661113     
   1.2799999999999947        13.612680004452596       -13.677319945097782     
   1.2849999999999946        13.544293404727107       -20.354339487281781     
   1.2899999999999945        13.442521707290698       -26.997815402300425     
   1.2949999999999944        13.307532630279196       -33.591372299726515     
   1.2999999999999943        13.139575768780563       -40.118717054878459     
   1.3049999999999942        12.938982183506171       -46.563678969465329     
   1.3099999999999941        12.706163788658845       -52.910249730475108     
   1.3149999999999940        12.441612540006469       -59.142623068812270     
   1.3199999999999938        12.145899424662408       -65.245234019685441     
   1.3249999999999937        11.819673254563980       -71.202797687482359     
   1.3299999999999936        11.463659266126569       -77.000347418845990     
   1.3349999999999935        11.078657529032339       -82.623272288881068     
   1.3399999999999934        10.665541167587934       -88.057353806871433     
   1.3449999999999933        10.225254398553577       -93.288801749573310     
   1.3499999999999932        9.7588103898057099       -98.304289032063835     
   1.3549999999999931        9.2672889446453901       -103.09098552826353     
   1.3599999999999930        8.7518340170040716       -107.63659075561209     
   1.3649999999999929        8.2136510632260116       -111.92936534095259     
   1.3699999999999928        7.6540042365212484       -115.95816118746494     
   1.3749999999999927        7.0742134305839235       -119.71245026547861     
   1.3799999999999926        6.4756511792565306       -123.18235195318002     
   1.3849999999999925        5.8597394194906300       -126.35865885660535     
   1.3899999999999924        5.2279461252076036       -129.23286104186550     
   1.3949999999999922        4.5817818199982758       -131.79716861627983     
   1.3999999999999921        3.9227959769168765       -134.04453259898898     
   1.4049999999999920        3.2525733139219315       -135.96866402566670     
   1.4099999999999919        2.5727299937935979       -137.56405123614542     
   1.4149999999999918        1.8849097376128707       -138.82597529810118     
   1.4199999999999917        1.1907798611223648       -139.75052352440031     
   1.4249999999999916       0.49202724350036320       -140.33460104628082     
   1.4299999999999915      -0.20964576173104088       -140.57594040921776     
   1.4349999999999914      -0.91252546377712973       -140.47310916308868     
   1.4399999999999913       -1.6148910095925730       -140.02551542310599     
   1.4449999999999912       -2.3150185867081028       -139.23341138290084     
   1.4499999999999911       -3.0111856436226070       -138.09789476612050     
   1.4549999999999910       -3.7016751174532097       -136.62090820792361     
   1.4599999999999909       -4.3847796584928274       -134.80523656281281     
   1.4649999999999908       -5.0588058413068913       -132.65450214032208     
   1.4699999999999906       -5.7220783520085021       -130.17315787516105     
   1.4749999999999905       -6.3729441413843073       -127.36647844350088     
   1.4799999999999904       -7.0097765336018121       -124.24054934215188     
   1.4849999999999903       -7.6309792803125713       -120.80225395242019     
   1.4899999999999902       -8.2349905500746718       -117.05925861542687     
   1.4949999999999901       -8.8202868431518056       -113.01999575061524     
   1.4999999999999900       -9.3853868219048824       -108.69364505404928     
   1.5049999999999899       -9.9288550471751282       -104.09011281790494     
   1.5099999999999898       -10.449305611264652       -99.220009417265544     
   1.5149999999999897       -10.945405658350980       -94.094625014940235     
   1.5199999999999896       -11.415878783425681       -88.725903539519081     
   1.5249999999999895       -11.859508301123276       -83.126414996248783     
   1.5299999999999894       -12.275140376104520       -77.309326174547820     
   1.5349999999999893       -12.661687006977260       -71.288369820068553     
   1.5399999999999892       -13.018128856077603       -65.077812343146206     
   1.5449999999999890       -13.343517917793333       -58.692420139240141     
   1.5499999999999889       -13.636980018489535       -52.147424600562509     
   1.5549999999999888       -13.897717141492347       -45.458485901493390     
   1.5599999999999887       -14.125009570999813       -38.641655643591392     
   1.5649999999999886       -14.318217849217771       -31.713338449015986     
   1.5699999999999885       -14.476784541462850       -24.690252593974670     
   1.5749999999999884       -14.600235804432723       -17.589389776387144     
   1.5799999999999883       -14.688182753314658       -10.427974114312892     
   1.5849999999999882       -14.740322623886222       -3.2234204738120527     
   1.5899999999999881       -14.756439726255282        4.0067077732041385     
   1.5949999999999880       -14.736406187389262        11.244741458932355     
   1.5999999999999879       -14.680182480094601        18.472948693846789     
   1.6049999999999878       -14.587817736625366        25.673578200333189     
   1.6099999999999877       -14.459449845623700        32.828902800147929     
   1.6149999999999876       -14.295305331622961        39.921262949426357     
   1.6199999999999875       -14.095699016875828        46.933110214587415     
   1.6249999999999873       -13.861033465802892        53.847050582365007     
   1.6299999999999872       -13.591798212891067        60.645887497341327     
   1.6349999999999871       -13.288568775404361        67.312664520764400     
   1.6399999999999870       -12.952005452800538        73.830707505100236     
   1.6449999999999869       -12.582851915275038        80.183666179698903     
   1.6499999999999868       -12.181933584376543        86.355555044141312     
   1.6549999999999867       -11.750155809155835        92.330793467277999     
   1.6599999999999866       -11.288501841819444        98.094244891668936     
   1.6649999999999865       -10.798030617361100        103.63125504508137     
   1.6699999999999864       -10.279874342135694        108.92768906289699     
   1.6749999999999863       -9.7352358968212087        113.96996742771455     
   1.6799999999999862       -9.1653860596826355        118.74510063510536     
   1.6849999999999861       -8.5716605565071085        123.24072249737969     
   1.6899999999999860       -7.9554569440202103        127.44512200034643     
   1.6949999999999859       -7.3182313340184777        131.34727363138833     
   1.6999999999999857       -6.6614949658615359        134.93686610072439     
   1.7049999999999856       -5.9868106353579140        138.20432938147948     
   1.7099999999999855       -5.2957889884505169        141.14085999812255     
   1.7149999999999854       -4.5900846884599042        143.73844449695753     
   1.7199999999999853       -3.8713924659751164        145.98988103664712     
   1.7249999999999852       -3.1414430607918806        147.88879904120790     
   1.7299999999999851       -2.4019990655858412        149.42967686252632     
   1.7349999999999850       -1.6548506812732096        150.60785740419618     
   1.7399999999999849      -0.90181139425222867        151.41956166336070     
   1.7449999999999848      -0.14471358593542516        151.86190015224142     
   1.7499999999999847       0.61459591482578191        151.93288216614275     
   1.7549999999999846        1.3742603256564956        151.63142286992070     
   1.7599999999999845        2.1324174400060993        150.95734818018619     
   1.7649999999999844        2.8872041809070303        149.91139742586319     
   1.7699999999999843        3.6367611680363465        148.49522377512830     
   1.7749999999999841        4.3792372869119882        146.71139242220647     
   1.7799999999999840        5.1127942490230209        144.56337653297615     
   1.7849999999999839        5.8356111316879016        142.05555095383036     
   1.7899999999999838        6.5458888864570532        139.19318369373744     
   1.7949999999999837        7.2418548049257403        135.98242519493024     
   1.7999999999999836        7.9217669309003913        132.43029541311418     
   1.8049999999999835        8.5839184079659621        128.54466873350754     
   1.8099999999999834        9.2266417516334993        124.33425675440023     
   1.8149999999999833        9.8483130354055000        119.80858897522400     
   1.8199999999999832        10.447355980281619        114.97799143135759     
   1.8249999999999831        11.022245937438408        109.85356332302946     
   1.8299999999999830        11.571513754053555        104.44715169071593     
   1.8349999999999829        12.093749512507134        98.771324194352658     
   1.8399999999999828        12.587606133478898        92.839340058467911     
   1.8449999999999827        13.051802833771237        86.665119249996508     
   1.8499999999999825        13.485128430021220        80.263209960031716     
   1.8549999999999824        13.886444479821378        73.648754465106308     
   1.8599999999999823        14.254688252146909        66.837453447753916     
   1.8649999999999822        14.588875519385679        59.845528860075859     
   1.8699999999999821        14.888103163686058        52.689685417817181     
   1.8749999999999820        15.151551590775144        45.387070816029173     
   1.8799999999999819        15.378486944855290        37.955234760753967     
   1.8849999999999818        15.568263118659059        30.412086914302449     
   1.8899999999999817        15.720323553230571        22.775853854600179     
   1.8949999999999816        15.834202822503572        15.065035151740584     
   1.8999999999999815        15.909527998262275        7.2983586673025824     
   1.9049999999999814        15.946019791598788      -0.50526481584506300     
   1.9099999999999813        15.943493467519563       -8.3267875236242688     
   1.9149999999999812        15.901859529901442       -16.147071069442614     
   1.9199999999999811        15.821124174554228       -23.946933168859271     
   1.9249999999999809        15.701389508709932       -31.707194576478120     
   1.9299999999999808        15.542853535827541       -39.408726130500341     
   1.9349999999999807        15.345809905175040       -47.032495789823749     
   1.9399999999999806        15.110647426225920       -54.559615548312102     
   1.9449999999999805        14.837849348484360       -61.971388110875914     
   1.9499999999999804        14.527992407929981       -69.249353216307497     
   1.9549999999999803        14.181745641848444       -76.375333492397147     
   1.9599999999999802        13.799868974386458       -83.331479729723810     
   1.9649999999999801        13.383211575737839       -90.100315461660372     
   1.9699999999999800        12.932709998429537       -96.664780739559788     
   1.9749999999999799        12.449386094731738       -103.00827499378947     
   1.9799999999999798        11.934344719762791       -109.11469887325539     
   1.9849999999999797        11.388771225396514       -114.96849495829905     
   1.9899999999999796        10.813928750605019       -120.55468724435603     
   1.9949999999999795        10.211155314383239       -125.85891929652779     
   1.9999999999999793        9.5818607179006001       -130.86749097823275     
   2.0049999999999795        8.9275232630094372       -135.56739366036300     
   2.0099999999999794        8.2496862947076224       -139.94634382086912     
   2.0149999999999793        7.5499545756032767       -143.99281494842322     
   2.0199999999999791        6.8299905008611610       -147.69606766775664     
   2.0249999999999790        6.0915101625223773       -151.04617800842902     
   2.0299999999999789        5.3362792724802324       -154.03406374314625     
   2.0349999999999788        4.5661089537645010       -156.65150872629781     
   2.0399999999999787        3.7828514101330120       -158.89118516811931     
   2.0449999999999786        2.9883954842924156       -160.74667378478955     
   2.0499999999999785        2.1846621153684680       -162.21248176983497     
   2.0549999999999784        1.3735997065192933       -163.28405853742319     
   2.0599999999999783       0.55717941383217728       -163.95780919347089     
   2.0649999999999782      -0.26260963213517718       -164.23110569595556     
   2.0699999999999781       -1.0837651606149550       -164.10229567139325     
   2.0749999999999780       -1.9042766389719212       -163.57070886011161     
   2.0799999999999779       -2.7221301832724794       -162.63666116869589     
   2.0849999999999778       -3.5353134891159588       -161.30145631380074     
   2.0899999999999777       -4.3418207706849623       -159.56738504738937     
   2.0949999999999775       -5.1396576959219091       -157.43772195936839     
   2.0999999999999774       -5.9268463057187510       -154.91671985951868     
   2.1049999999999773       -6.7014299050163446       -152.00960174656362     
   2.1099999999999772       -7.4614779137491629       -148.72255037815310     
   2.1149999999999771       -8.2050906656399292       -145.06269546145913     
   2.1199999999999770       -8.9304041429472250       -141.03809848996275     
   2.1249999999999769       -9.6355946353970392       -136.65773525784712     
   2.1299999999999768       -10.318883311686275       -131.93147608918488     
   2.1349999999999767       -10.978540692132199       -126.87006382480277     
   2.1399999999999766       -11.612891011256213       -121.48508961531192     
   2.1449999999999765       -12.220316459332773       -115.78896657429075     
   2.1499999999999764       -12.799261292204227       -109.79490135098803     
   2.1549999999999763       -13.348235798959166       -103.51686368716186     
   2.1599999999999762       -13.865820117394975       -96.969554027772389     
   2.1649999999999761       -14.350667887533836       -90.168369260190161     
   2.1699999999999759       -14.801509733834788       -83.129366661354808     
   2.1749999999999758       -15.217156567141561       -75.869226136908850     
   2.1799999999999757       -15.596502697826105       -68.405210840725914     
   2.1849999999999756       -15.938528752029734       -60.755126267442208     
   2.1899999999999755       -16.242304383366946       -52.937277914571624     
   2.1949999999999754       -16.506990772939805       -44.970427614530138     
   2.1999999999999753       -16.731842911012457       -36.873748640403164     
   2.2049999999999752       -16.916211654214472       -28.666779692551557     
   2.2099999999999751       -17.059545552677228       -20.369377876159358     
   2.2149999999999750       -17.161392442058027       -12.001670782571178     
   2.2199999999999749       -17.221400795970883       -3.5840077897417171     
   2.2249999999999748       -17.239320834919592        4.8630893006820006     
   2.2299999999999747       -17.215005388416181        13.318976170210060     
   2.2349999999999746       -17.148410507565131        21.762936313228195     
   2.2399999999999745       -17.039595825998990        30.174231667188891     
   2.2449999999999743       -16.888724667663045        38.532153419841393     
   2.2499999999999742       -16.696063900563839        46.816072869330114     
   2.2549999999999741       -16.461983536217190        55.005492212556675     
   2.2599999999999740       -16.186956075154406        63.080095137071204     
   2.2649999999999739       -15.871555599469049        71.019797091934436     
   2.2699999999999738       -15.516456614009376        78.804795113474000     
   2.2749999999999737       -15.122432638442007        86.415617082645596     
   2.2799999999999736       -14.690354553028779        93.833170291801395     
   2.2849999999999735       -14.221188701569773        101.03878920006201     
   2.2899999999999734       -13.715994755569463        108.01428225818199     
   2.2949999999999733       -13.175923344278553        114.74197768578881     
   2.2999999999999732       -12.602213455849610        121.20476808615744     
   2.3049999999999731       -11.996189615418823        127.38615378625168     
   2.3099999999999730       -11.359258846487565        133.27028479261460     
   2.3149999999999729       -10.692907422524492        138.84200125681676     
   2.3199999999999728       -9.9986974162404074        144.08687234756502     
   2.3249999999999726       -9.2782630545025828        148.99123343023095     
   2.3299999999999725       -8.5333068873514275        153.54222145846447     
   2.3349999999999724       -7.7655957800591047        157.72780848671033     
   2.3399999999999723       -6.9769567376255530        161.53683321682931     
   2.3449999999999722       -6.1692725715414065        164.95903049663465     
   2.3499999999999721       -5.3444774190582329        167.98505869297571     
   2.3549999999999720       -4.5045521255933547        170.60652486702378     
   2.3599999999999719       -3.6515195012582358        172.81600768462732     
   2.3649999999999718       -2.7874394628350991        174.60707799999449     
   2.3699999999999717       -1.9144040728351266        175.97431705651510     
   2.3749999999999716       -1.0345324875525510        176.91333225424074     
   2.3799999999999715      -0.14996582628134725        177.42077043938528     
   2.3849999999999714       0.73713802591557920        177.49432867717627     
   2.3899999999999713        1.6246096693014604        177.13276247546469     
   2.3949999999999712        2.5102734816787837        176.33589143267233     
   2.3999999999999710        3.3919529388421452        175.10460228990888     
   2.4049999999999709        4.2674759502916899        173.44084937340682     
   2.4099999999999708        5.1346801971587244        171.34765241978874     
   2.4149999999999707        5.9914184592576678        168.82909178308239     
   2.4199999999999706        6.8355639181730794        165.89030102881651     
   2.4249999999999705        7.6650154233171621        162.53745692695261     
   2.4299999999999704        8.4777027079519254        158.77776686181554     
   2.4349999999999703        9.2715915422610031        154.61945368356513     
   2.4399999999999702        10.044688810678828        150.07173803208610     
   2.4449999999999701        10.795047500839258        145.14481817044813     
   2.4499999999999700        11.520771591691499        139.84984737128647     
   2.4549999999999699        12.220020828547932        134.19890890556178     
   2.4599999999999698        12.891015373075742        128.20498868915902     
   2.4649999999999697        13.532040316521538        121.88194564866538     
   2.4699999999999696        14.141450044764865        115.24447987341156     
   2.4749999999999694        14.717672444131923        108.30809862645440     
   2.4799999999999693        15.259212937264195        101.08908029260769     
   2.4849999999999692        15.764658338727234        93.604436346879609     
   2.4899999999999691        16.232680520461631        85.871871431733908     
   2.4949999999999690        16.662039877620302        77.909741636447478     
   2.4999999999999689        17.051588585802538        69.737011076474715     
   2.5049999999999688        17.400273641184910        61.373206875138571     
   2.5099999999999687        17.707139675560605        52.838372654137373     
   2.5149999999999686        17.971331538831290        44.153020643274900     
   2.5199999999999685        18.192096642047666        35.338082523478150     
   2.5249999999999684        18.368787054665056        26.414859120553771     
   2.5299999999999683        18.500861350267826        17.404969070240561     
   2.5349999999999682        18.587886195619028        8.3302965779341935     
   2.5399999999999681        18.629537678508697      -0.78706160101694067     
   2.5449999999999680        18.625602370503614       -9.9248498323254566     
   2.5499999999999678        18.575978121341986       -19.060707795057482     
   2.5549999999999677        18.480674582366699       -28.172225063575723     
   2.5599999999999676        18.339813457048820       -37.236995946226585     
   2.5649999999999675        18.153628477317685       -46.232674446909030     
   2.5699999999999674        17.922465105083141       -55.137029215033351     
   2.5749999999999673        17.646779959007976       -63.927998349076631     
   2.5799999999999672        17.327139967262593       -72.583743918970043     
   2.5849999999999671        16.964221247667741       -81.082706072912345     
   2.5899999999999670        16.558807717303178       -89.403656594893377     
   2.5949999999999669        16.111789434328713       -97.525751780230593     
   2.5999999999999668        15.624160675427561       -105.42858449776882     
   2.6049999999999667        15.097017752938717       -113.09223530906604     
   2.6099999999999666        14.531556576393386       -120.49732251688248     
   2.6149999999999665        13.929069963808974       -127.62505101760343     
   2.6199999999999664        13.290944708720957       -134.45725983485173     
   2.6249999999999662        12.618658409546699       -140.97646821447935     
   2.6299999999999661        11.913776068474302       -147.16592016436201     
   2.6349999999999660        11.177946467652491       -153.00962732594866     
   2.6399999999999659        10.412898331022749       -158.49241006833219     
   2.6449999999999658        9.6204362806810888       -163.59993669969884     
   2.6499999999999657        8.8024365971825951       -168.31876069537293     
   2.6549999999999656        7.9608427937057300       -172.63635584629100     
   2.6599999999999655        7.0976610144742747       -176.54114923660364     
   2.6649999999999654        6.2149552682912566       -180.02255196420327     
   2.6699999999999653        5.3148425084702406       -183.07098752330015     
   2.6749999999999652        4.3994875708537400       -185.67791777370479     
   2.6799999999999651        3.4710979819852161       -187.83586642720854     
   2.6849999999999650        2.5319186498491733       -189.53843998737230     
   2.6899999999999649        1.5842264499123118       -190.78034608512331     
   2.6949999999999648       0.63032471948669522       -191.55740915880531     
   2.6999999999999647      -0.32746232630733141       -191.86658343371354     
   2.7049999999999645       -1.2867952434758991       -191.70596316265980     
   2.7099999999999644       -2.2453250592891982       -191.07479009573487     
   2.7149999999999643       -3.2006990097678725       -189.97345815415352     
   2.7199999999999642       -4.1505663005386397       -188.40351528986238     
   2.7249999999999641       -5.0925838769879519       -186.36766251944817     
   2.7299999999999640       -6.0244221895851933       -183.86975012778558     
   2.7349999999999639       -6.9437709402241214       -180.91477104379405     
   2.7399999999999638       -7.8483447954430918       -177.50885139761411     
   2.7449999999999637       -8.7358890524311619       -173.65923827544927     
   2.7499999999999636       -9.6041852438084074       -169.37428469523178     
   2.7549999999999635       -10.451056667284567       -164.66343183314376     
   2.7599999999999634       -11.274373826450285       -159.53718853784068     
   2.7649999999999633       -12.072059769139488       -154.00710817596681     
   2.7699999999999632       -12.842095310019321       -148.08576285920390     
   2.7749999999999631       -13.582524124315340       -141.78671510963943     
   2.7799999999999629       -14.291457699863537       -135.12448702666276     
   2.7849999999999628       -14.967080134996850       -128.11452702487969     
   2.7899999999999627       -15.607652770121248       -120.77317421866374     
   2.7949999999999626       -16.211518641214568       -113.11762053491927     
   2.7999999999999625       -16.777106743889163       -105.16587064140353     
   2.8049999999999624       -17.302936097096183       -96.936699783525896     
   2.8099999999999623       -17.787619596013812       -88.449609627900216     
   2.8149999999999622       -18.229867644153313       -79.724782216055445     
   2.8199999999999621       -18.628491555233591       -70.783032136598251     
   2.8249999999999620       -18.982406715916582       -61.645757028756179     
   2.8299999999999619       -19.290635501060365       -52.334886534599093     
   2.8349999999999618       -19.552309933733362       -42.872829821328985     
   2.8399999999999617       -19.766674082840005       -33.282421798832772     
   2.8449999999999616       -19.933086191834168       -23.586868161199749     
   2.8499999999999615       -20.051020532640166       -13.809689384105091     
   2.8549999999999613       -20.120068979560692       -3.9746638128450904     
   2.8599999999999612       -20.139942298624916        5.8942300216294292     
   2.8649999999999611       -20.110471148516769        15.772871719104950     
   2.8699999999999610       -20.031606789921245        25.637057817452423     
   2.8749999999999609       -19.903421500833982        35.462560947908791     
   2.8799999999999608       -19.726108696094439        45.225189194067859     
   2.8849999999999607       -19.499982750124101        54.900845509502183     
   2.8899999999999606       -19.225478522576591        64.465587048438053     
   2.8949999999999605       -18.903150587334402        73.895684263761865     
   2.8999999999999604       -18.533672166015592        83.167679626849392     
   2.9049999999999603       -18.117833767881343        92.258445824280045     
   2.9099999999999602       -17.656541538759942        101.14524328742584     
   2.9149999999999601       -17.150815322322813        109.80577691218760     
   2.9199999999999600       -16.601786437761877        118.21825182778693     
   2.9249999999999599       -16.010695178622942        126.36142807550912     
   2.9299999999999597       -15.378888038245396        134.21467406062368     
   2.9349999999999596       -14.707814667942278        141.75801864338305     
   2.9399999999999595       -13.999024574725363        148.97220173800875     
   2.9449999999999594       -13.254163566035318        155.83872329191155     
   2.9499999999999593       -12.474969949575760        162.33989052105187     
   2.9549999999999592       -11.663270496970501        168.45886328131877     
   2.9599999999999591       -10.820976180563907        174.17969746008279     
   2.9649999999999590       -9.9500776932634931        179.48738627664937     
   2.9699999999999589       -9.0526407618802462        184.36789938519513     
   2.9749999999999588       -8.1308012649542700        188.80821967889739     
   2.9799999999999587       -7.1867601665597833        192.79637769935746     
   2.9849999999999586       -6.2227782780629957        196.32148356105503     
   2.9899999999999585       -5.2411708602577205        199.37375630644493     
   2.9949999999999584       -4.2443020787254957        201.94455061340133     
   2.9999999999999583       -3.2345793256584887        204.02638078301618     
   3.0049999999999581       -2.2144474217434080        205.61294194225167     
   3.0099999999999580       -1.1863827120321497        206.69912840261682     
   3.0149999999999579      -0.15288707001906565        207.28104912286858     
   3.0199999999999578       0.88351817559527723        207.35604023071292     
   3.0249999999999577        1.9202983767488420        206.92267456558343     
   3.0299999999999576        2.9549117495767590        205.98076821178813     
   3.0349999999999575        3.9848155906356997        204.53138399862073     
   3.0399999999999574        5.0074725106288032        202.57683195141391     
   3.0449999999999573        6.0203566703858726        200.12066668495049     
   3.0499999999999572        7.0209600038106252        197.16768173812622     
   3.0549999999999571        8.0067984125012561        193.72390085625710     
   3.0599999999999570        8.9754179167825416        189.79656623492525     
   3.0649999999999569        9.9244007479571685        185.39412374674342     
   3.0699999999999568        10.851371366690886        180.52620517987043     
   3.0749999999999567        11.754002392590237        175.20360752450856     
   3.0799999999999566        12.630020430212781        169.43826935094305     
   3.0849999999999564        13.477211776967497        163.24324432992367     
   3.0899999999999563        14.293427998617116        156.63267195332111     
   3.0949999999999562        15.076591358383721        149.62174551999942     
   3.0999999999999561        15.824700085983718        142.22667745871220     
   3.1049999999999560        16.535833473277279        134.46466206653719     
   3.1099999999999559        17.208156783609965        126.35383574789468     
   3.1149999999999558        17.839925962349440        117.91323484553399     
   3.1199999999999557        18.429492136577110        109.16275116100159     
   3.1249999999999556        18.975305892382117        100.12308526801053     
   3.1299999999999555        19.475921318722168        90.815697727797101     
   3.1349999999999554        19.929999807361153        81.262758320963883     
   3.1399999999999553        20.336313598965972        71.487093415453245     
   3.1449999999999552        20.693749066043239        61.512131595160433     
   3.1499999999999551        21.001309724019041        51.361847678266223     
   3.1549999999999550        21.258118962410371        41.060705258634883     
   3.1599999999999548        21.463422488703547        30.633597907572597     
   3.1649999999999547        21.616590478241410        20.105789176863507     
   3.1699999999999546        21.717119424125727        9.5028515472860953     
   3.1749999999999545        21.764633681862158       -1.1493955302475740     
   3.1799999999999544        21.758886704210919       -11.824948351200961     
   3.1849999999999543        21.699761962454915       -22.497682279616416     
   3.1899999999999542        21.587273551056832       -33.141415522200553     
   3.1949999999999541        21.421566473445829       -43.729973198993932     
   3.1999999999999540        21.202916607450859       -54.237251554219114     
   3.2049999999999539        20.931730349679764       -64.637282150173760     
   3.2099999999999538        20.608543938928896       -74.904295886691685     
   3.2149999999999537        20.234022459495439       -85.012786688736313     
   3.2199999999999536        19.808958526051757       -94.937574705118820     
   3.2249999999999535        19.334270652526165       -104.65386886214721     
   3.2299999999999534        18.811001308215427       -114.13732861721130     
   3.2349999999999532        18.240314665129372       -123.36412475889097     
   3.2399999999999531        17.623494041334919       -132.31099910213692     
   3.2449999999999530        16.961939045824234       -140.95532292941169     
   3.2499999999999529        16.257162431177175       -149.27515403138847     
   3.2549999999999528        15.510786661020232       -157.24929220388088     
   3.2599999999999527        14.724540200000828       -164.85733306111132     
   3.2649999999999526        13.900253534695270       -172.07972002921173     
   3.2699999999999525        13.039854934549211       -178.89779438797976     
   3.2749999999999524        12.145365962609313       -185.29384323337615     
   3.2799999999999523        11.218896746442432       -191.25114523803603     
   3.2849999999999522        10.262641020252252       -196.75401409216605     
   3.2899999999999521        9.2788709497914219       -201.78783951259976     
   3.2949999999999520        8.2699317522284232       -206.33912571347244     
   3.2999999999999519        7.2382361236610606       -210.39552723794048     
   3.3049999999999518        6.1862584874713580       -213.94588205659625     
   3.3099999999999516        5.1165290771883765       -216.98024184470094     
   3.3149999999999515        4.0316278679648718       -219.48989935706183     
   3.3199999999999514        2.9341783711795628       -221.46741282629861     
   3.3249999999999513        1.8268413070480698       -222.90662731736219     
   3.3299999999999512       0.71230817046125883       -223.80269297846928     
   3.3349999999999511      -0.40670529443108761       -224.15208013608054     
   3.3399999999999510       -1.5274656951114904       -223.95259118916209     
   3.3449999999999509       -2.6472286510573007       -223.20336926570991     
   3.3499999999999508       -3.7632454973858502       -221.90490361236630     
   3.3549999999999507       -4.8727700154476814       -220.05903169589854     
   3.3599999999999506       -5.9730651739271741       -217.66893800332144     
   3.3649999999999505       -7.0614098639437817       -214.73914953551017     
   3.3699999999999504       -8.1351056116213325       -211.27552799724575     
   3.3749999999999503       -9.1914832516075613       -207.28525869474549     
   3.3799999999999502       -10.227909545081289       -202.77683615983199     
   3.3849999999999500       -11.241793725880449       -197.76004652796962     
   3.3899999999999499       -12.230593958520297       -192.24594670542527     
   3.3949999999999498       -13.191823692047423       -186.24684036877107     
   3.3999999999999497       -14.123057893891279       -179.77625084782181     
   3.4049999999999496       -15.021939148130388       -172.84889095086814     
   3.4099999999999495       -15.886183602884728       -165.48062979871020     
   3.4149999999999494       -16.713586751878278       -157.68845674149523     
   3.4199999999999493       -17.502029035585753       -149.49044243969894     
   3.4249999999999492       -18.249481247784249       -140.90569719774413     
   3.4299999999999491       -18.954009733772970       -131.95432664570595     
   3.4349999999999490       -19.613781367001501       -122.65738487129030     
   3.4399999999999489       -20.227068291357952       -113.03682511077606     
   3.4449999999999488       -20.792252416911833       -103.11544811386499     
   3.4499999999999487       -21.307829657481157       -92.916848303369733     
   3.4549999999999486       -21.772413898998007       -82.465357856375221     
   3.4599999999999485       -22.184740688279884       -71.785988838916694     
   3.4649999999999483       -22.543670632474466       -60.904373531315414     
   3.4699999999999482       -22.848192500131042       -49.846703086086691     
   3.4749999999999481       -23.097426015561474       -38.639664664772411     
   3.4799999999999480       -23.290624338885337       -27.310377204139510     
   3.4849999999999479       -23.427176224906034       -15.886325965916251     
   3.4899999999999478       -23.506607854735616       -4.3952960275998407     
   3.4949999999999477       -23.528584334873617        7.1346951251479780     
   3.4999999999999476       -23.492910859247878        18.675465741403485     
   3.5049999999999475       -23.399533530540861        30.198738517864570     
   3.5099999999999474       -23.248539837951537        41.676209714594862     
   3.5149999999999473       -23.040158789378562        53.079618505110091     
   3.5199999999999472       -22.774760696853011        64.380816391300272     
   3.5249999999999471       -22.452856614896511        75.551836513106679     
   3.5299999999999470       -22.075097432330978        86.564962682713414     
   3.5349999999999469       -21.642272618917410        97.392797973271755     
   3.5399999999999467       -21.155308629051053        108.00833269285074     
   3.5449999999999466       -20.615266965586798        118.38501157540028     
   3.5499999999999465       -20.023341907709796        128.49680002202061     
   3.5549999999999464       -19.380857907599694        138.31824922775226     
   3.5599999999999463       -18.689266661460934        147.82456003142991     
   3.5649999999999462       -17.950143861303783        156.99164532887650     
   3.5699999999999461       -17.165185634659402        165.79619089284600     
   3.5749999999999460       -16.336204680195170        174.21571444664644     
   3.5799999999999459       -15.465126107961938        182.22862284228216     
   3.5849999999999458       -14.553982993750527        189.81426719823750     
   3.5899999999999457       -13.604911657759340        196.95299585667215     
   3.5949999999999456       -12.620146678475979        203.62620502480311     
   3.5999999999999455       -11.602015653351964        209.81638697059557     
   3.6049999999999454       -10.552933718498986        215.50717564856473     
   3.6099999999999453       -9.4753978402561625        220.68338963748849     
   3.6149999999999451       -8.3719808920687200        225.33107227813414     
   3.6199999999999450       -7.2453255306780493        229.43752890569385     
   3.6249999999999449       -6.0981378861495799        232.99136107849142     
   3.6299999999999448       -4.9331810807571230        235.98249771164780     
   3.6349999999999447       -3.7532685921988840        238.40222303175918     
   3.6399999999999446       -2.5612574770400878        240.24320127623272     
   3.6449999999999445       -1.3600414706589241        241.49949806872090     
   3.6499999999999444      -0.15254398031531968        242.16659841007910     
   3.6549999999999443        1.0582890117350758        242.24142123242376     
   3.6599999999999442        2.2694961178971944        241.72233047216770     
   3.6649999999999441        3.4781077702580330        240.60914262633912     
   3.6699999999999440        4.6811534833897284        238.90313076502756     
   3.6749999999999439        5.8756691372148664        236.60702498142490     
   3.6799999999999438        7.0587042621219904        233.72500926962101     
   3.6849999999999437        8.2273293084700949        230.26271482905017     
   3.6899999999999435        9.3786428826153454        226.22720980324559     
   3.6949999999999434        10.509778931631573        221.62698546932276     
   3.6999999999999433        11.617913858978186        216.47193890335748     
   3.7049999999999432        12.700273553494974        210.77335215552867     
   3.7099999999999431        13.754140314272616        204.54386797753938     
   3.7149999999999430        14.776859654160313        197.79746215338866     
   3.7199999999999429        15.765846964927256        190.54941249302303     
   3.7249999999999428        16.718594027392371        182.81626455672620     
   3.7299999999999427        17.632675350176001        174.61579418629023     
   3.7349999999999426        18.505754321107453        165.96696692702889     
   3.7399999999999425        19.335589155742596        156.88989443252569     
   3.7449999999999424        20.120038627905224        147.40578795163395     
   3.7499999999999423        20.857067567663393        137.53690900464645     
   3.7549999999999422        21.544752112686623        127.30651736270755     
   3.7599999999999421        22.181284699500161        116.73881645143476     
   3.7649999999999419        22.764978781757335        105.85889630632992     
   3.7699999999999418        23.294273263288986        94.692674213877950     
   3.7749999999999417        23.767736634358375        83.266833178234705     
   3.7799999999999416        24.184070800249547        71.608758359081918     
   3.7849999999999415        24.542114592044957        59.746471631559515     
   3.7899999999999414        24.840846950202753        47.708564424161466     
   3.7949999999999413        25.079389772323559        35.524128995087018     
   3.7999999999999412        25.257010417298993        23.222688311762312     
   3.8049999999999411        25.373123858857806        10.834124702077156     
   3.8099999999999410        25.427294482368193       -1.6113925506925959     
   3.8149999999999409        25.419237519614729       -14.083480494294195     
   3.8199999999999408        25.348820117143259       -26.551616497665218     
   3.8249999999999407        25.216062034654932       -38.985212765123990     
   3.8299999999999406        25.021135970829313       -51.353691193122231     
   3.8349999999999405        24.764367514863700       -63.626558386814011     
   3.8399999999999403        24.446234722929631       -75.773480652854659     
   3.8449999999999402        24.067367319665358       -87.764358784451645     
   3.8499999999999401        23.628545525743100       -99.569402454747504     
   3.8549999999999400        23.130698513469362       -111.15920403512449     
   3.8599999999999399        22.574902493293738       -122.50481165598121     
   3.8649999999999398        21.962378435013832       -133.57780132894180     
   3.8699999999999397        21.294489428369122       -144.35034795131608     
   3.8749999999999396        20.572737688612541       -154.79529501593115     
   3.8799999999999395        19.798761213532885       -164.88622285219560     
   3.8849999999999394        18.974330099271906       -174.59751522743349     
   3.8899999999999393        18.101342523134740       -183.90442414112636     
   3.8949999999999392        17.181820402429107       -192.78313264872395     
   3.8999999999999391        16.217904739185489       -201.21081555611542     
   3.9049999999999390        15.211850661404911       -209.16569783068590     
   3.9099999999999389        14.166022172251482       -216.62711058010501     
   3.9149999999999388        13.082886619350957       -223.57554445559435     
   3.9199999999999386        11.965008897072984       -229.99270034238600     
   3.9249999999999385        10.815045395361054       -235.86153720640030     
   3.9299999999999384        9.6357377093290530       -241.16631697282489     
   3.9349999999999383        8.4299061244649280       -245.89264631925079     
   3.9399999999999382        7.2004428928686739       -250.02751527330082     
   3.9449999999999381        5.9503053165021695       -253.55933251225289     
   3.9499999999999380        4.6825086539409053       -256.47795726999721     
   3.9549999999999379        3.4001188675909191       -258.77472776475520     
   3.9599999999999378        2.1062452287671434       -260.44248606930853     
   3.9649999999999377       0.80403279842060060       -261.47559935401881     
   3.9699999999999376      -0.50334519834949343       -261.86997744164410     
   3.9749999999999375       -1.8126950855577140       -261.62308662185364     
   3.9799999999999374       -3.1208105186669819       -260.73395968238759     
   3.9849999999999373       -4.4244803170789204       -259.20320212298145     
   3.9899999999999372       -5.7204963276938274       -257.03299452745426     
   3.9949999999999370       -7.0056613003310986       -254.22709107872043     
   3.9999999999999369       -8.2767967557247015       -250.79081421090802     
   4.0049999999999368       -9.5307508267792418       -246.73104540222505     
   4.0099999999999367       -10.764406053790367       -242.05621212168984     
   4.0149999999999366       -11.974687114398817       -236.77627095230565     
   4.0199999999999365       -13.158568469160345       -230.90268692269302     
   4.0249999999999364       -14.313081903773810       -224.44840908856986     
   4.0299999999999363       -15.435323949216659       -217.42784241476880     
   4.0349999999999362       -16.522463161290503       -209.85681601767803     
   4.0399999999999361       -17.571747241378894       -201.75254783706504     
   4.0449999999999360       -18.580509980564219       -193.13360581516869     
   4.0499999999999359       -19.546178009640062       -184.01986566970194     
   4.0549999999999358       -20.466277337988572       -174.43246535597351     
   4.0599999999999357       -21.338439664768440       -164.39375632169012     
   4.0649999999999356       -22.160408446376891       -153.92725166612121     
   4.0699999999999354       -22.930044704707498       -143.05757132317333     
   4.0749999999999353       -23.645332561323364       -131.81038439551432     
   4.0799999999999352       -24.304384483300936       -120.21234877418522     
   4.0849999999999351       -24.905446227171861       -108.29104818512610     
   4.0899999999999350       -25.446901468097490       -96.074926810698301     
   4.0949999999999349       -25.927276102150980       -83.593221640596482     
   4.0999999999999348       -26.345242210353963       -70.875892712491421     
   4.1049999999999347       -26.699621673916418       -57.953551408312805     
   4.1099999999999346       -26.989389430957981       -44.857386977256802     
   4.1149999999999345       -27.213676365844265       -31.619091461371916     
   4.1199999999999344       -27.371771823151125       -18.270783203925305     
   4.1249999999999343       -27.463125739170753       -4.8449291246696795     
   4.1299999999999342       -27.487350384794102        8.6257340503935733     
   4.1349999999999341       -27.444221714542135        22.108279414135080     
   4.1399999999999340       -27.333680317471458        35.569670165117998     
   4.1449999999999338       -27.155831966645867        48.976840360837748     
   4.1499999999999337       -26.910947764841676        62.296775940477545     
   4.1549999999999336       -26.599463885139290        75.496595819132381     
   4.1599999999999335       -26.221980906043630        88.543632854793202     
   4.1649999999999334       -25.779262741769664        101.40551448920760     
   4.1699999999999333       -25.272235169323626        114.05024286404563     
   4.1749999999999332       -24.701983955003396        126.44627421459887     
   4.1799999999999331       -24.069752583930402        138.56259734452803     
   4.1849999999999330       -23.376939597207762        150.36881098694590     
   4.1899999999999329       -22.625095542273034        161.83519985937630     
   4.1949999999999328       -21.815919542976150        172.93280922286124     
   4.1999999999999327       -20.951255496861844        183.63351775869103     
   4.2049999999999326       -20.033087908068389        193.91010857990176     
   4.2099999999999325       -19.063537365168880        203.73633819880931     
   4.2149999999999324       -18.044855674174833        213.08700327642464     
   4.2199999999999322       -16.979420657792708        221.93800498460740     
   4.2249999999999321       -15.869730632869672        230.26641081725472     
   4.2299999999999320       -14.718398578783399        238.05051369267730     
   4.2349999999999319       -13.528146010320013        245.26988819557056     
   4.2399999999999318       -12.301796569342160        251.90544381363253     
   4.2449999999999317       -11.042269350273997        257.93947503089487     
   4.2499999999999316       -9.7525719751195226        263.35570814720427     
   4.2549999999999315       -8.4357934343835019        268.13934470100037     
   4.2599999999999314       -7.0950967108784999        272.27710138056545     
   4.2649999999999313       -5.7337112039756724        275.75724631725137     
   4.2699999999999312       -4.3549249723894157        278.56963166280144     
   4.2749999999999311       -2.9620768140754086        280.70572236175843     
   4.2799999999999310       -1.5585482022666164        282.15862103906244     
   4.2849999999999309      -0.14775509707130419        282.92308893227420     
   4.2899999999999308        1.2668603475900668        282.99556280738767     
   4.2949999999999307        2.6818381616270051        282.37416780689472     
   4.2999999999999305        4.0937090006614785        281.05872618861667     
   4.3049999999999304        5.4990026316045615        279.05076192379221     
   4.3099999999999303        6.8942564412235221        276.35350113299017     
   4.3149999999999302        8.2760239468884738        272.97186834857001     
   4.3199999999999301        9.6408832886313238        268.91247860262121     
   4.3249999999999300        10.985445681644430        264.18362534954753     
   4.3299999999999299        12.306363808392168        258.79526424270091     
   4.3349999999999298        13.600340129605673        252.75899279468456     
   4.3399999999999297        14.864135093579096        246.08802596111298     
   4.3449999999999296        16.094575223384659        238.79716769771244     
   4.3499999999999295        17.288561061873221        230.90277855064227     
   4.3549999999999294        18.443074954626432        222.42273934979346     
   4.3599999999999293        19.555188651375399        213.37641108454920     
   4.3649999999999292        20.622070706798144        203.78459105104957     
   4.3699999999999291        21.640993662053393        193.66946536936507     
   4.3749999999999289        22.609340988900218        183.05455797812789     
   4.3799999999999288        23.524613778790858        171.96467622307233     
   4.3849999999999287        24.384437159906220        160.42585316457541     
   4.3899999999999286        25.186566425729097        148.46528673764141     
   4.3949999999999285        25.928892859417303        136.11127590582129     
   4.3999999999999284        26.609449238946411        123.39315395827710     
   4.4049999999999283        27.226415008737796        110.34121910657389     
   4.4099999999999282        27.778121104270664        96.986662544788004     
   4.4149999999999281        28.263054416994603        83.361494143143247     
   4.4199999999999280        28.679861887710320        69.498465951607400     
   4.4249999999999279        29.027354217468357        55.430993695685487     
   4.4299999999999278        29.304509185946785        41.193076452017259     
   4.4349999999999277        29.510474568206870        26.819214696310361     
   4.4399999999999276        29.644570641688421        12.344326920604891     
   4.4449999999999275        29.706292276291446       -2.1963349791432805     
   4.4499999999999273        29.695310601395729       -16.767271340664234     
   4.4549999999999272        29.611474244692406       -31.332821190648836     
   4.4599999999999271        29.454810138739163       -45.857249307670465     
   4.4649999999999270        29.225523892200812       -60.304833680722027     
   4.4699999999999269        28.923999723797202       -74.639953149846519     
   4.4749999999999268        28.550799958047968       -88.827175014369047     
   4.4799999999999267        28.106664082976124       -102.83134239379157     
   4.4849999999999266        27.592507371007166       -116.61766112649136     
   4.4899999999999265        27.009419065374708       -130.15178599197037     
   4.4949999999999264        26.358660135414855       -143.39990604353667     
   4.4999999999999263        25.641660605197170       -156.32882883995765     
   4.5049999999999262        24.860016460997382       -168.90606336680685     
   4.5099999999999261        24.015486144163347       -181.09990144092606     
   4.5149999999999260        23.109986636958716       -192.87949739463818     
   4.5199999999999259        22.145589149985526       -204.21494584006643     
   4.5249999999999257        21.124514420785193       -215.07735731813435     
   4.5299999999999256        20.049127634194519       -225.43893164152948     
   4.5349999999999255        18.921932975986874       -235.27302874610189     
   4.5399999999999254        17.745567832256363       -244.55423687082344     
   4.5449999999999253        16.522796647902247       -253.25843789254520     
   4.5499999999999252        15.256504458439521       -261.36286964834125     
   4.5549999999999251        13.949690110197814       -268.84618508520583     
   4.5599999999999250        12.605459184771785       -275.68850808425788     
   4.5649999999999249        11.227016644350496       -281.87148581438845     
   4.5699999999999248        9.8176592152785531       -287.37833747844235     
   4.5749999999999247        8.3807675278863414       -292.19389932353647     
   4.5799999999999246        6.9197980312686589       -296.30466579596470     
   4.5849999999999245        5.4382747022888349       -299.69882673030196     
   4.5899999999999244        3.9397805686373251       -302.36630047177465     
   4.5949999999999243        2.4279490662784520       -304.29876284069127     
   4.5999999999999241       0.90645525207499555       -305.48967185770084     
   4.6049999999999240      -0.62099310721350864       -305.93428815884363     
   4.6099999999999239       -2.1506645480077271       -305.62969103975541     
   4.6149999999999238       -3.6788130032065043       -304.57479007895762     
   4.6199999999999237       -5.2016869536012926       -302.77033230088483     
   4.6249999999999236       -6.7155386151057170       -300.21890485014342     
   4.6299999999999235       -8.2166331393564338       -296.92493315943409     
   4.6349999999999234       -9.7012578051536043       -292.89467460457973     
   4.6399999999999233       -11.165731178176504       -288.13620765115189     
   4.6449999999999232       -12.606412216432263       -282.65941650825630     
   4.6499999999999231       -14.019709298973545       -276.47597131609626     
   4.6549999999999230       -15.402089155554027       -269.59930390494975     
   4.6599999999999229       -16.750085675078775       -262.04457917415050     
   4.6649999999999228       -18.060308570949527       -253.82866215052437     
   4.6699999999999227       -19.329451881702148       -244.97008079647361     
   4.6749999999999226       -20.554302285684518       -235.48898464849870     
   4.6799999999999224       -21.731747208927011       -225.40709937737046     
   4.6849999999999223       -22.858782705813862       -214.74767737139175     
   4.6899999999999222       -23.932521092670822       -203.53544445419004     
   4.6949999999999221       -24.950198314941773       -191.79654285823500     
   4.6999999999999220       -25.909181029232947       -179.55847058475607     
   4.7049999999999219       -26.806973382156727       -166.85001728991730     
   4.7099999999999218       -27.641223468606313       -153.70119684596943     
   4.7149999999999217       -28.409729452836160       -140.14317673461804     
   4.7199999999999216       -29.110445336509251       -126.20820443800190     
   4.7249999999999215       -29.741486358699259       -111.92953100044411     
   4.7299999999999214       -30.301134013701478       -97.341331941502133     
   4.7349999999999213       -30.787840673408990       -82.478625707781561     
   4.7399999999999212       -31.200233801947899       -67.377189857474448     
   4.7449999999999211       -31.537119751235270       -52.073475177619002     
   4.7499999999999210       -31.797487127123365       -36.604517939638100     
   4.7549999999999208       -31.980509716821555       -21.007850503784091     
   4.7599999999999207       -32.085548969340472       -5.3214104876831190     
   4.7649999999999206       -32.112156021778887        10.416551281778382     
   4.7699999999999205       -32.060073265369994        26.167563810460926     
   4.7749999999999204       -31.929235446317691        41.893029747124906     
   4.7799999999999203       -31.719770297582066        57.554319733543736     
   4.7849999999999202       -31.431998698914349        73.112867064507739     
   4.7899999999999201       -31.066434363591810        88.530262426325223     
   4.7949999999999200       -30.623783051460183        103.76834848166700     
   4.7999999999999199       -30.104941309051849        118.78931406840823     
   4.8049999999999198       -29.510994738709808        133.55578778049815     
   4.8099999999999197       -28.843215799807318        148.03093069983532     
   4.8149999999999196       -28.103061146308143        162.17852804964082     
   4.8199999999999195       -27.292168506059937        175.96307954190496     
   4.8249999999999194       -26.412353108350413        189.34988819412735     
   4.8299999999999192       -25.465603667379774        202.30514739377321     
   4.8349999999999191       -24.454077930410907        214.79602599262299     
   4.8399999999999190       -23.380097800447793        226.79075121748954     
   4.8449999999999189       -22.246144044360346        238.25868918860920     
   4.8499999999999188       -21.054850598417300        249.17042284236794     
   4.8549999999999187       -19.808998484205460        259.49782706089161     
   4.8599999999999186       -18.511509348901001        269.21414081739437     
   4.8649999999999185       -17.165438644814028        278.29403615303033     
   4.8699999999999184       -15.773968464048876        286.71368380831160     
   4.8749999999999183       -14.340400045007318        294.45081533992760     
   4.8799999999999182       -12.868145968307680        301.48478156200372     
   4.8849999999999181       -11.360722060497661        307.79660715945863     
   4.8899999999999180       -9.8217390247003671        313.36904133013275     
   4.8949999999999179       -8.2548938180497036        318.18660432174829     
   4.8999999999999178       -6.6639607964409624        322.23562973950169     
   4.9049999999999176       -5.0527826477434541        325.50430251015598     
   4.9099999999999175       -3.4252611351926738        327.98269239887412     
   4.9149999999999174       -1.7853476731983031        329.66278298568614     
   4.9199999999999173      -0.13703375826987241        330.53849601938992     
   4.9249999999999172        1.5156587218270772        330.60571107782130     
   4.9299999999999171        3.1686872772161836        329.86228047476510     
   4.9349999999999170        4.8179986795900094        328.30803936529054     
   4.9399999999999169        6.4595388764164623        325.94481101295162     
   4.9449999999999168        8.0892629314812208        322.77640719406935     
   4.9499999999999167        9.7031449674515677        318.80862372617781     
   4.9549999999999166        11.297188086082457        314.04923111964280     
   4.9599999999999165        12.867434241680671        308.50796036341933     
   4.9649999999999164        14.409974043497767        302.19648386787497     
   4.9699999999999163        15.920956462837141        295.12839159953933     
   4.9749999999999162        17.396598420834838        287.31916245451771     
   4.9799999999999160        18.833194233107427        278.78613092909825     
   4.9849999999999159        20.227124887752918        269.54844915775908     
   4.9899999999999158        21.574867133541712        259.62704440031627     
   4.9949999999999157        22.873002355543292        249.04457207131406     
   4.9999999999999156        24.118225215899862        237.82536441592009     
